# Camera list with one line of data per camera:
#   CAMERA_ID, MODEL, WIDTH, HEIGHT, PARAMS[]
# Number of cameras: 120
1 SIMPLE_RADIAL 1080 1920 1719.5707737219486 540 960 0.033071891023475297
2 SIMPLE_RADIAL 1080 1920 1720.4060472851893 540 960 0.033365238059960098
3 SIMPLE_RADIAL 1080 1920 1720.0688476874684 540 960 0.03365998032719103
4 SIMPLE_RADIAL 1080 1920 1720.2460760918375 540 960 0.036245612316398494
5 SIMPLE_RADIAL 1080 1920 1722.1910433578475 540 960 0.030599118947530833
6 SIMPLE_RADIAL 1080 1920 1723.1738722775444 540 960 0.026022135038726801
7 SIMPLE_RADIAL 1080 1920 1710.1333057815293 540 960 0.037454405202510532
8 SIMPLE_RADIAL 1080 1920 1698.6063135358679 540 960 0.031599404287751043
9 SIMPLE_RADIAL 1080 1920 1701.1537872110969 540 960 0.0304111692744801
10 SIMPLE_RADIAL 1080 1920 1692.4604092282298 540 960 0.036919765355491997
11 SIMPLE_RADIAL 1080 1920 1697.9908455668026 540 960 0.036332479690812589
12 SIMPLE_RADIAL 1080 1920 1690.0579675383869 540 960 0.038538794055359947
13 SIMPLE_RADIAL 1080 1920 1699.5103140089336 540 960 0.033495285397164128
14 SIMPLE_RADIAL 1080 1920 1702.0126959065778 540 960 0.032248655459271143
15 SIMPLE_RADIAL 1080 1920 1686.8630428576414 540 960 0.040527602840131495
16 SIMPLE_RADIAL 1080 1920 1693.2008611322822 540 960 0.057242824742846608
17 SIMPLE_RADIAL 1080 1920 1696.8564282868629 540 960 0.045355418935688556
18 SIMPLE_RADIAL 1080 1920 1695.2643286242974 540 960 0.10020146594860492
19 SIMPLE_RADIAL 1080 1920 1702.21247377125 540 960 0.067558360707308501
20 SIMPLE_RADIAL 1080 1920 1709.706993879395 540 960 0.045149168005539322
21 SIMPLE_RADIAL 1080 1920 1707.0303960974907 540 960 0.065433995110230861
22 SIMPLE_RADIAL 1080 1920 1717.1605700949142 540 960 0.064150448230238646
23 SIMPLE_RADIAL 1080 1920 1722.7934128120382 540 960 0.051462273127606435
24 SIMPLE_RADIAL 1080 1920 1716.3260295719328 540 960 0.053478066667608279
25 SIMPLE_RADIAL 1080 1920 1717.3203579565843 540 960 0.053531537888405048
26 SIMPLE_RADIAL 1080 1920 1709.0943325016929 540 960 0.076765254301725608
27 SIMPLE_RADIAL 1080 1920 1707.6906723129291 540 960 0.091118961348246388
28 SIMPLE_RADIAL 1080 1920 1702.785427267436 540 960 0.088799936080142319
29 SIMPLE_RADIAL 1080 1920 1699.4247296811102 540 960 0.084380128357855383
30 SIMPLE_RADIAL 1080 1920 1697.7030586481872 540 960 0.07004462918297534
31 SIMPLE_RADIAL 1080 1920 1693.9564416695639 540 960 0.04781635017553823
32 SIMPLE_RADIAL 1080 1920 1688.9740340796541 540 960 0.093171561995117932
33 SIMPLE_RADIAL 1080 1920 1688.282370057651 540 960 0.065616605461346497
34 SIMPLE_RADIAL 1080 1920 1688.359046308811 540 960 0.063604866448638164
35 SIMPLE_RADIAL 1080 1920 1681.8622513750124 540 960 0.089564163520925943
36 SIMPLE_RADIAL 1080 1920 1690.8891095760846 540 960 0.097252461012968319
37 SIMPLE_RADIAL 1080 1920 1694.8665073171965 540 960 0.069921344634216218
38 SIMPLE_RADIAL 1080 1920 1696.8485295417322 540 960 0.051137657929353653
39 SIMPLE_RADIAL 1080 1920 1701.975931358814 540 960 0.044331966337454211
40 SIMPLE_RADIAL 1080 1920 1714.0900849074951 540 960 0.031423873290558339
41 SIMPLE_RADIAL 1080 1920 1712.8496933183401 540 960 0.028719179161076899
42 SIMPLE_RADIAL 1080 1920 1712.1924265810899 540 960 0.028565115545121582
43 SIMPLE_RADIAL 1080 1920 1710.6307604313467 540 960 0.030324741891478914
44 SIMPLE_RADIAL 1080 1920 1719.0002938080424 540 960 0.023112577336466576
45 SIMPLE_RADIAL 1080 1920 1713.7632046716258 540 960 0.027756284104227816
46 SIMPLE_RADIAL 1080 1920 1716.8536148495739 540 960 0.025807881340717487
47 SIMPLE_RADIAL 1080 1920 1699.62458266606 540 960 0.057870431511778953
48 SIMPLE_RADIAL 1080 1920 1769.5006348746465 540 960 0.11336314152085854
49 SIMPLE_RADIAL 1080 1920 1749.6051259682845 540 960 0.050844302872306887
50 SIMPLE_RADIAL 1080 1920 1715.9001071121941 540 960 0.058503137049383182
51 SIMPLE_RADIAL 1080 1920 1723.4357403819588 540 960 0.050941200949308346
52 SIMPLE_RADIAL 1080 1920 1702.995727626464 540 960 0.059711307522889355
53 SIMPLE_RADIAL 1080 1920 1699.14556980523 540 960 0.088419517510637133
54 SIMPLE_RADIAL 1080 1920 1720.9955727623674 540 960 0.051429554236452353
55 SIMPLE_RADIAL 1080 1920 1698.7786009316123 540 960 0.08833811494439929
56 SIMPLE_RADIAL 1080 1920 1691.0478465402075 540 960 0.083235764462949974
57 SIMPLE_RADIAL 1080 1920 1696.4797118572269 540 960 0.062914168374209462
58 SIMPLE_RADIAL 1080 1920 1709.767820521691 540 960 0.039322666973745604
59 SIMPLE_RADIAL 1080 1920 1724.3953324975109 540 960 0.027951063097085616
60 SIMPLE_RADIAL 1080 1920 1730.2377564847577 540 960 0.044797013565960032
61 SIMPLE_RADIAL 1080 1920 1716.940688872822 540 960 0.051976671780227933
62 SIMPLE_RADIAL 1080 1920 1715.0509160229155 540 960 0.037099184619392177
63 SIMPLE_RADIAL 1080 1920 1707.7216656995054 540 960 0.036713420574893407
64 SIMPLE_RADIAL 1080 1920 1715.1615714681382 540 960 0.044046708614074725
65 SIMPLE_RADIAL 1080 1920 1706.454774393181 540 960 0.05423168825376299
66 SIMPLE_RADIAL 1080 1920 1702.7867903775027 540 960 0.030462441558548641
67 SIMPLE_RADIAL 1080 1920 1718.5430024536665 540 960 0.0080183483145007117
68 SIMPLE_RADIAL 1080 1920 1717.7662535670763 540 960 -0.0020550285869627362
69 SIMPLE_RADIAL 1080 1920 1717.9246629792353 540 960 0.021442643826920682
70 SIMPLE_RADIAL 1080 1920 1706.7286937980425 540 960 0.050594225696120154
71 SIMPLE_RADIAL 1080 1920 1713.6754359885065 540 960 0.051067792195723487
72 SIMPLE_RADIAL 1080 1920 1723.5391571627108 540 960 0.038539591591985292
73 SIMPLE_RADIAL 1080 1920 1725.986405225208 540 960 0.020264439097499445
74 SIMPLE_RADIAL 1080 1920 1711.1104302429101 540 960 0.03309623137397083
75 SIMPLE_RADIAL 1080 1920 1706.5592504731924 540 960 0.046500748972813227
76 SIMPLE_RADIAL 1080 1920 1708.4518745000018 540 960 0.042920036640705615
77 SIMPLE_RADIAL 1080 1920 1710.6066817979663 540 960 0.051815158948298148
78 SIMPLE_RADIAL 1080 1920 1708.3450879005372 540 960 0.043034116929117579
79 SIMPLE_RADIAL 1080 1920 1713.2141010948121 540 960 0.051089951002967364
80 SIMPLE_RADIAL 1080 1920 1712.4271211440591 540 960 0.01805423254923481
81 SIMPLE_RADIAL 1080 1920 1630.9375561305296 540 960 -0.11216547267128772
82 SIMPLE_RADIAL 1080 1920 1667.9278897763259 540 960 -0.030658833568969576
83 SIMPLE_RADIAL 1080 1920 1717.3428482629006 540 960 0.029944946169111596
84 SIMPLE_RADIAL 1080 1920 1710.9951567064049 540 960 0.040619610527457273
85 SIMPLE_RADIAL 1080 1920 1710.2656809010641 540 960 0.037630599688358989
88 SIMPLE_RADIAL 1080 1920 774.88359873113973 540 960 0.43106809674475133
90 SIMPLE_RADIAL 1080 1920 1946.1634329878307 540 960 0.19292828665113762
92 SIMPLE_RADIAL 1080 1920 1735.1257125254717 540 960 0.001475124612686054
93 SIMPLE_RADIAL 1080 1920 1729.0104743397505 540 960 0.0039935658308559545
94 SIMPLE_RADIAL 1080 1920 1725.8132663093227 540 960 0.015714167176995517
95 SIMPLE_RADIAL 1080 1920 1709.7914553878425 540 960 0.041072651360784161
96 SIMPLE_RADIAL 1080 1920 1705.2574351807066 540 960 0.041489421160455668
97 SIMPLE_RADIAL 1080 1920 1705.5386673291061 540 960 0.037752042412090764
98 SIMPLE_RADIAL 1080 1920 1716.6529302986698 540 960 0.033398473857265548
99 SIMPLE_RADIAL 1080 1920 1716.4827557239109 540 960 0.028132499570559102
100 SIMPLE_RADIAL 1080 1920 1728.3632131862498 540 960 0.017823067932807465
101 SIMPLE_RADIAL 1080 1920 1724.3218443683359 540 960 0.026211021270521325
102 SIMPLE_RADIAL 1080 1920 1724.4894604148244 540 960 0.0081468146174305135
103 SIMPLE_RADIAL 1080 1920 1720.8316531273197 540 960 0.042068944042016623
104 SIMPLE_RADIAL 1080 1920 1710.5698332907739 540 960 0.021701632249940688
105 SIMPLE_RADIAL 1080 1920 1688.1720732667648 540 960 0.036865985111289058
106 SIMPLE_RADIAL 1080 1920 1701.4898885762357 540 960 0.071520938187064564
107 SIMPLE_RADIAL 1080 1920 1725.8896895069913 540 960 0.019668926065609178
108 SIMPLE_RADIAL 1080 1920 1744.3749418414839 540 960 0.010214356541257637
109 SIMPLE_RADIAL 1080 1920 1745.7224696678172 540 960 0.0034807671142736566
110 SIMPLE_RADIAL 1080 1920 1730.3907505006764 540 960 0.0015065130082815646
111 SIMPLE_RADIAL 1080 1920 1740.3857652232587 540 960 0.0070239324506213615
112 SIMPLE_RADIAL 1080 1920 1746.1786878118901 540 960 -0.0042048223989679138
113 SIMPLE_RADIAL 1080 1920 1734.1997652290906 540 960 0.0085897755286048292
114 SIMPLE_RADIAL 1080 1920 1748.3225801120288 540 960 0.018080303070589981
115 SIMPLE_RADIAL 1080 1920 1741.4759254626724 540 960 0.0018552500802894915
116 SIMPLE_RADIAL 1080 1920 1737.2140342867885 540 960 0.010502280160946271
117 SIMPLE_RADIAL 1080 1920 1718.6249358605853 540 960 0.012478861629162853
118 SIMPLE_RADIAL 1080 1920 1717.5340980956958 540 960 0.0082457638817002004
119 SIMPLE_RADIAL 1080 1920 1720.1328466174593 540 960 0.014784147238750888
120 SIMPLE_RADIAL 1080 1920 1725.2596674423703 540 960 0.0052845177861948747
121 SIMPLE_RADIAL 1080 1920 1723.3472669147936 540 960 0.015410791192903988
122 SIMPLE_RADIAL 1080 1920 1741.5267778167874 540 960 0.0053242583506562819
123 SIMPLE_RADIAL 1080 1920 1729.9006637641428 540 960 0.02427685190959146
124 SIMPLE_RADIAL 1080 1920 1717.521825909163 540 960 0.057575142151950968
